well_id	227	228	241	243	1534
Oct-20	0	0	0	0	32551.55332
Nov-20	0	0	0	0	27272.25631
Dec-20	0	0	0	0	30010.58326
Jan-21	0	0	0	0	31022.03736
Feb-21	0	0	0	0	28629.08498
Mar-21	0	0	0	0	26544.50275
Apr-21	0	0	0	0	25422.03539
May-21	0	0	0	0	39311.02707
Jun-21	0	0	0	0	58565.65941
Jul-21	0	0	0	0	65855.52982
Aug-21	0	0	0	0	57850.24065
Sep-21	0	0	0	0	38287.23816
Oct-21	0	0	0	0	29899.57001
Nov-21	0	0	0	0	24509.25974
Dec-21	0	0	0	0	26310.14143
Jan-22	0	0	0	0	24484.59013
Feb-22	0	0	0	0	23029.08301
Mar-22	0	0	0	0	25187.67407
Apr-22	0	0	0	0	26482.82872
May-22	0	0	0	0	49894.29071
Jun-22	0	0	0	0	55580.63633
Jul-22	0	0	0	0	73527.77922
Aug-22	0	0	0	0	38225.56413
Sep-22	0	0	0	0	49647.59459
Oct-22	0	0	0	0	30392.96225
Nov-22	0	0	0	0	27136.57344
Dec-22	0	0	0	0	28283.71041
Jan-23	0	0	0	0	31330.40752
Feb-23	0	0	0	0	29208.82087
Mar-23	0	0	0	0	33871.37758
Apr-23	0	0	0	0	31885.47379
May-23	0	0	0	0	38842.30444
Jun-23	0	0	0	0	55259.93137
Jul-23	0	0	0	0	75834.38796
Aug-23	0	0	0	0	72442.31628
Sep-23	0	0	0	0	45836.1395
Oct-23	0	0	0	0	32045.82627
Nov-23	0	0	0	0	30935.69372
Dec-23	0	0	0	0	33316.3113
Jan-24	0	0	0	0	30059.92249
Feb-24	0	0	0	0	28283.71041
Mar-24	0	0	0	0	31515.42961
Apr-24	0	0	0	0	35339.2195
May-24	0	0	0	0	51325.12822
Jun-24	0	0	0	0	64511.03595
Jul-24	0	0	0	0	81989.45621
Aug-24	0	0	0	0	77746.28291
Sep-24	0	0	0	0	61303.98636
Oct-24	0	0	0	0	32551.55332
Nov-24	0	0	0	0	27272.25631
Dec-24	0	0	0	0	30010.58326
Jan-25	0	0	0	0	31022.03736
Feb-25	0	0	0	0	28629.08498
Mar-25	0	0	0	0	26544.50275
Apr-25	0	0	0	0	25422.03539
May-25	0	0	0	0	39311.02707
Jun-25	0	0	0	0	58565.65941
Jul-25	0	0	0	0	65855.52982
Aug-25	0	0	0	0	57850.24065
Sep-25	0	0	0	0	38287.23816
Oct-25	0	0	0	0	29899.57001
Nov-25	0	0	0	0	24509.25974
Dec-25	0	0	0	0	26310.14143
Jan-26	0	0	0	0	24484.59013
Feb-26	0	0	0	0	23029.08301
Mar-26	0	0	0	0	25187.67407
Apr-26	0	0	0	0	26482.82872
May-26	0	0	0	0	49894.29071
Jun-26	0	0	0	0	55580.63633
Jul-26	0	0	0	0	73527.77922
Aug-26	0	0	0	0	38225.56413
Sep-26	0	0	0	0	49647.59459
Oct-26	0	0	0	0	30392.96225
Nov-26	0	0	0	0	27136.57344
Dec-26	0	0	0	0	28283.71041
Jan-27	0	0	0	0	31330.40752
Feb-27	0	0	0	0	29208.82087
Mar-27	0	0	0	0	33871.37758
Apr-27	0	0	0	0	31885.47379
May-27	0	0	0	0	38842.30444
Jun-27	0	0	0	0	55259.93137
Jul-27	0	0	0	0	75834.38796
Aug-27	0	0	0	0	72442.31628
Sep-27	0	0	0	0	45836.1395
Oct-27	0	0	0	0	32045.82627
Nov-27	0	0	0	0	30935.69372
Dec-27	0	0	0	0	33316.3113
Jan-28	0	0	0	0	30059.92249
Feb-28	0	0	0	0	28283.71041
Mar-28	0	0	0	0	31515.42961
Apr-28	0	0	0	0	35339.2195
May-28	0	0	0	0	51325.12822
Jun-28	0	0	0	0	64511.03595
Jul-28	0	0	0	0	81989.45621
Aug-28	0	0	0	0	77746.28291
Sep-28	0	0	0	0	61303.98636
Oct-28	0	0	0	0	32551.55332
Nov-28	0	0	0	0	27272.25631
Dec-28	0	0	0	0	30010.58326
Jan-29	0	0	0	0	31022.03736
Feb-29	0	0	0	0	28629.08498
Mar-29	0	0	0	0	26544.50275
Apr-29	0	0	0	0	25422.03539
May-29	0	0	0	0	39311.02707
Jun-29	0	0	0	0	58565.65941
Jul-29	0	0	0	0	65855.52982
Aug-29	0	0	0	0	57850.24065
Sep-29	0	0	0	0	38287.23816
Oct-29	0	0	0	0	29899.57001
Nov-29	0	0	0	0	24509.25974
Dec-29	0	0	0	0	26310.14143
Jan-30	0	0	0	0	24484.59013
Feb-30	0	0	0	0	23029.08301
Mar-30	0	0	0	0	25187.67407
Apr-30	0	0	0	0	26482.82872
May-30	0	0	0	0	49894.29071
Jun-30	0	0	0	0	55580.63633
Jul-30	0	0	0	0	73527.77922
Aug-30	0	0	0	0	38225.56413
Sep-30	0	0	0	0	49647.59459
Oct-30	0	0	0	0	30392.96225
Nov-30	0	0	0	0	27136.57344
Dec-30	0	0	0	0	28283.71041
Jan-31	0	0	0	0	31330.40752
Feb-31	0	0	0	0	29208.82087
Mar-31	0	0	0	0	33871.37758
Apr-31	0	0	0	0	31885.47379
May-31	0	0	0	0	38842.30444
Jun-31	0	0	0	0	55259.93137
Jul-31	0	0	0	0	75834.38796
Aug-31	0	0	0	0	72442.31628
Sep-31	0	0	0	0	45836.1395
Oct-31	0	0	0	0	32045.82627
Nov-31	0	0	0	0	30935.69372
Dec-31	0	0	0	0	33316.3113
Jan-32	0	0	0	0	30059.92249
Feb-32	0	0	0	0	28283.71041
Mar-32	0	0	0	0	31515.42961
Apr-32	0	0	0	0	35339.2195
May-32	0	0	0	0	51325.12822
Jun-32	0	0	0	0	64511.03595
Jul-32	0	0	0	0	81989.45621
Aug-32	0	0	0	0	77746.28291
Sep-32	0	0	0	0	61303.98636
Oct-32	0	0	0	0	32551.55332
Nov-32	0	0	0	0	27272.25631
Dec-32	0	0	0	0	30010.58326
Jan-33	0	0	0	0	31022.03736
Feb-33	0	0	0	0	28629.08498
Mar-33	0	0	0	0	26544.50275
Apr-33	0	0	0	0	25422.03539
May-33	0	0	0	0	39311.02707
Jun-33	0	0	0	0	58565.65941
Jul-33	0	0	0	0	65855.52982
Aug-33	0	0	0	0	57850.24065
Sep-33	0	0	0	0	38287.23816
Oct-33	0	0	0	0	29899.57001
Nov-33	0	0	0	0	24509.25974
Dec-33	0	0	0	0	26310.14143
Jan-34	0	0	0	0	24484.59013
Feb-34	0	0	0	0	23029.08301
Mar-34	0	0	0	0	25187.67407
Apr-34	0	0	0	0	26482.82872
May-34	0	0	0	0	49894.29071
Jun-34	0	0	0	0	55580.63633
Jul-34	0	0	0	0	73527.77922
Aug-34	0	0	0	0	38225.56413
Sep-34	0	0	0	0	49647.59459
Oct-34	0	0	0	0	30392.96225
Nov-34	0	0	0	0	27136.57344
Dec-34	0	0	0	0	28283.71041
Jan-35	0	0	0	0	31330.40752
Feb-35	0	0	0	0	29208.82087
Mar-35	0	0	0	0	33871.37758
Apr-35	0	0	0	0	31885.47379
May-35	0	0	0	0	38842.30444
Jun-35	0	0	0	0	55259.93137
Jul-35	0	0	0	0	75834.38796
Aug-35	0	0	0	0	72442.31628
Sep-35	0	0	0	0	45836.1395
Oct-35	0	0	0	0	32045.82627
Nov-35	0	0	0	0	30935.69372
Dec-35	0	0	0	0	33316.3113
Jan-36	0	0	0	0	30059.92249
Feb-36	0	0	0	0	28283.71041
Mar-36	0	0	0	0	31515.42961
Apr-36	0	0	0	0	35339.2195
May-36	0	0	0	0	51325.12822
Jun-36	0	0	0	0	64511.03595
Jul-36	0	0	0	0	81989.45621
Aug-36	0	0	0	0	77746.28291
Sep-36	0	0	0	0	61303.98636
Oct-36	0	0	0	0	32551.55332
Nov-36	0	0	0	0	27272.25631
Dec-36	0	0	0	0	30010.58326
Jan-37	0	0	0	0	31022.03736
Feb-37	0	0	0	0	28629.08498
Mar-37	0	0	0	0	26544.50275
Apr-37	0	0	0	0	25422.03539
May-37	0	0	0	0	39311.02707
Jun-37	0	0	0	0	58565.65941
Jul-37	0	0	0	0	65855.52982
Aug-37	0	0	0	0	57850.24065
Sep-37	0	0	0	0	38287.23816
Oct-37	0	0	0	0	29899.57001
Nov-37	0	0	0	0	24509.25974
Dec-37	0	0	0	0	26310.14143
Jan-38	0	0	0	0	24484.59013
Feb-38	0	0	0	0	23029.08301
Mar-38	0	0	0	0	25187.67407
Apr-38	0	0	0	0	26482.82872
May-38	0	0	0	0	49894.29071
Jun-38	0	0	0	0	55580.63633
Jul-38	0	0	0	0	73527.77922
Aug-38	0	0	0	0	38225.56413
Sep-38	0	0	0	0	49647.59459
Oct-38	0	0	0	0	30392.96225
Nov-38	0	0	0	0	27136.57344
Dec-38	0	0	0	0	28283.71041
Jan-39	0	0	0	0	31330.40752
Feb-39	0	0	0	0	29208.82087
Mar-39	0	0	0	0	33871.37758
Apr-39	0	0	0	0	31885.47379
May-39	0	0	0	0	38842.30444
Jun-39	0	0	0	0	55259.93137
Jul-39	0	0	0	0	75834.38796
Aug-39	0	0	0	0	72442.31628
Sep-39	0	0	0	0	45836.1395
Oct-39	0	0	0	0	32045.82627
Nov-39	0	0	0	0	30935.69372
Dec-39	0	0	0	0	33316.3113
Jan-40	0	0	0	0	30059.92249
Feb-40	0	0	0	0	28283.71041
Mar-40	0	0	0	0	31515.42961
Apr-40	0	0	0	0	35339.2195
May-40	0	0	0	0	51325.12822
Jun-40	0	0	0	0	64511.03595
Jul-40	0	0	0	0	81989.45621
Aug-40	0	0	0	0	77746.28291
Sep-40	0	0	0	0	61303.98636
Oct-40	0	0	0	0	32551.55332
Nov-40	0	0	0	0	27272.25631
Dec-40	0	0	0	0	30010.58326
Jan-41	0	0	0	0	31022.03736
Feb-41	0	0	0	0	28629.08498
Mar-41	0	0	0	0	26544.50275
Apr-41	0	0	0	0	25422.03539
May-41	0	0	0	0	39311.02707
Jun-41	0	0	0	0	58565.65941
Jul-41	0	0	0	0	65855.52982
Aug-41	0	0	0	0	57850.24065
Sep-41	0	0	0	0	38287.23816
Oct-41	0	0	0	0	29899.57001
Nov-41	0	0	0	0	24509.25974
Dec-41	0	0	0	0	26310.14143
Jan-42	0	0	0	0	24484.59013
Feb-42	0	0	0	0	23029.08301
Mar-42	0	0	0	0	25187.67407
Apr-42	0	0	0	0	26482.82872
May-42	0	0	0	0	49894.29071
Jun-42	0	0	0	0	55580.63633
Jul-42	0	0	0	0	73527.77922
Aug-42	0	0	0	0	38225.56413
Sep-42	0	0	0	0	49647.59459
Oct-42	0	0	0	0	30392.96225
Nov-42	0	0	0	0	27136.57344
Dec-42	0	0	0	0	28283.71041
Jan-43	0	0	0	0	31330.40752
Feb-43	0	0	0	0	29208.82087
Mar-43	0	0	0	0	33871.37758
Apr-43	0	0	0	0	31885.47379
May-43	0	0	0	0	38842.30444
Jun-43	0	0	0	0	55259.93137
Jul-43	0	0	0	0	75834.38796
Aug-43	0	0	0	0	72442.31628
Sep-43	0	0	0	0	45836.1395
Oct-43	0	0	0	0	32045.82627
Nov-43	0	0	0	0	30935.69372
Dec-43	0	0	0	0	33316.3113
Jan-44	0	0	0	0	30059.92249
Feb-44	0	0	0	0	28283.71041
Mar-44	0	0	0	0	31515.42961
Apr-44	0	0	0	0	35339.2195
May-44	0	0	0	0	51325.12822
Jun-44	0	0	0	0	64511.03595
Jul-44	0	0	0	0	81989.45621
Aug-44	0	0	0	0	77746.28291
Sep-44	0	0	0	0	61303.98636
Oct-44	0	0	0	0	32551.55332
Nov-44	0	0	0	0	27272.25631
Dec-44	0	0	0	0	30010.58326
Jan-45	0	0	0	0	31022.03736
Feb-45	0	0	0	0	28629.08498
Mar-45	0	0	0	0	26544.50275
Apr-45	0	0	0	0	25422.03539
May-45	0	0	0	0	39311.02707
Jun-45	0	0	0	0	58565.65941
Jul-45	0	0	0	0	65855.52982
Aug-45	0	0	0	0	57850.24065
Sep-45	0	0	0	0	38287.23816
Oct-45	0	0	0	0	29899.57001
Nov-45	0	0	0	0	24509.25974
Dec-45	0	0	0	0	26310.14143
Jan-46	0	0	0	0	24484.59013
Feb-46	0	0	0	0	23029.08301
Mar-46	0	0	0	0	25187.67407
Apr-46	0	0	0	0	26482.82872
May-46	0	0	0	0	49894.29071
Jun-46	0	0	0	0	55580.63633
Jul-46	0	0	0	0	73527.77922
Aug-46	0	0	0	0	38225.56413
Sep-46	0	0	0	0	49647.59459
Oct-46	0	0	0	0	30392.96225
Nov-46	0	0	0	0	27136.57344
Dec-46	0	0	0	0	28283.71041
Jan-47	0	0	0	0	31330.40752
Feb-47	0	0	0	0	29208.82087
Mar-47	0	0	0	0	33871.37758
Apr-47	0	0	0	0	31885.47379
May-47	0	0	0	0	38842.30444
Jun-47	0	0	0	0	55259.93137
Jul-47	0	0	0	0	75834.38796
Aug-47	0	0	0	0	72442.31628
Sep-47	0	0	0	0	45836.1395
Oct-47	0	0	0	0	32045.82627
Nov-47	0	0	0	0	30935.69372
Dec-47	0	0	0	0	33316.3113
Jan-48	0	0	0	0	30059.92249
Feb-48	0	0	0	0	28283.71041
Mar-48	0	0	0	0	31515.42961
Apr-48	0	0	0	0	35339.2195
May-48	0	0	0	0	51325.12822
Jun-48	0	0	0	0	64511.03595
Jul-48	0	0	0	0	81989.45621
Aug-48	0	0	0	0	77746.28291
Sep-48	0	0	0	0	61303.98636
Oct-48	0	0	0	0	32551.55332
Nov-48	0	0	0	0	27272.25631
Dec-48	0	0	0	0	30010.58326
Jan-49	0	0	0	0	31022.03736
Feb-49	0	0	0	0	28629.08498
Mar-49	0	0	0	0	26544.50275
Apr-49	0	0	0	0	25422.03539
May-49	0	0	0	0	39311.02707
Jun-49	0	0	0	0	58565.65941
Jul-49	0	0	0	0	65855.52982
Aug-49	0	0	0	0	57850.24065
Sep-49	0	0	0	0	38287.23816
Oct-49	0	0	0	0	29899.57001
Nov-49	0	0	0	0	24509.25974
Dec-49	0	0	0	0	26310.14143
Jan-50	0	0	0	0	24484.59013
Feb-50	0	0	0	0	23029.08301
Mar-50	0	0	0	0	25187.67407
Apr-50	0	0	0	0	26482.82872
May-50	0	0	0	0	49894.29071
Jun-50	0	0	0	0	55580.63633
Jul-50	0	0	0	0	73527.77922
Aug-50	0	0	0	0	38225.56413
Sep-50	0	0	0	0	49647.59459
Oct-50	0	0	0	0	30392.96225
Nov-50	0	0	0	0	27136.57344
Dec-50	0	0	0	0	28283.71041
Jan-51	0	0	0	0	31330.40752
Feb-51	0	0	0	0	29208.82087
Mar-51	0	0	0	0	33871.37758
Apr-51	0	0	0	0	31885.47379
May-51	0	0	0	0	38842.30444
Jun-51	0	0	0	0	55259.93137
Jul-51	0	0	0	0	75834.38796
Aug-51	0	0	0	0	72442.31628
Sep-51	0	0	0	0	45836.1395
Oct-51	0	0	0	0	32045.82627
Nov-51	0	0	0	0	30935.69372
Dec-51	0	0	0	0	33316.3113
Jan-52	0	0	0	0	30059.92249
Feb-52	0	0	0	0	28283.71041
Mar-52	0	0	0	0	31515.42961
Apr-52	0	0	0	0	35339.2195
May-52	0	0	0	0	51325.12822
Jun-52	0	0	0	0	64511.03595
Jul-52	0	0	0	0	81989.45621
Aug-52	0	0	0	0	77746.28291
Sep-52	0	0	0	0	61303.98636
Oct-52	0	0	0	0	32551.55332
Nov-52	0	0	0	0	27272.25631
Dec-52	0	0	0	0	30010.58326
Jan-53	0	0	0	0	31022.03736
Feb-53	0	0	0	0	28629.08498
Mar-53	0	0	0	0	26544.50275
Apr-53	0	0	0	0	25422.03539
May-53	0	0	0	0	39311.02707
Jun-53	0	0	0	0	58565.65941
Jul-53	0	0	0	0	65855.52982
Aug-53	0	0	0	0	57850.24065
Sep-53	0	0	0	0	38287.23816
Oct-53	0	0	0	0	29899.57001
Nov-53	0	0	0	0	24509.25974
Dec-53	0	0	0	0	26310.14143
Jan-54	0	0	0	0	24484.59013
Feb-54	0	0	0	0	23029.08301
Mar-54	0	0	0	0	25187.67407
Apr-54	0	0	0	0	26482.82872
May-54	0	0	0	0	49894.29071
Jun-54	0	0	0	0	55580.63633
Jul-54	0	0	0	0	73527.77922
Aug-54	0	0	0	0	38225.56413
Sep-54	0	0	0	0	49647.59459
Oct-54	0	0	0	0	30392.96225
Nov-54	0	0	0	0	27136.57344
Dec-54	0	0	0	0	28283.71041
Jan-55	0	0	0	0	31330.40752
Feb-55	0	0	0	0	29208.82087
Mar-55	0	0	0	0	33871.37758
Apr-55	0	0	0	0	31885.47379
May-55	0	0	0	0	38842.30444
Jun-55	0	0	0	0	55259.93137
Jul-55	0	0	0	0	75834.38796
Aug-55	0	0	0	0	72442.31628
Sep-55	0	0	0	0	45836.1395
Oct-55	0	0	0	0	32045.82627
Nov-55	0	0	0	0	30935.69372
Dec-55	0	0	0	0	33316.3113
Jan-56	0	0	0	0	30059.92249
Feb-56	0	0	0	0	28283.71041
Mar-56	0	0	0	0	31515.42961
Apr-56	0	0	0	0	35339.2195
May-56	0	0	0	0	51325.12822
Jun-56	0	0	0	0	64511.03595
Jul-56	0	0	0	0	81989.45621
Aug-56	0	0	0	0	77746.28291
Sep-56	0	0	0	0	61303.98636
Oct-56	0	0	0	0	32551.55332
Nov-56	0	0	0	0	27272.25631
Dec-56	0	0	0	0	30010.58326
Jan-57	0	0	0	0	31022.03736
Feb-57	0	0	0	0	28629.08498
Mar-57	0	0	0	0	26544.50275
Apr-57	0	0	0	0	25422.03539
May-57	0	0	0	0	39311.02707
Jun-57	0	0	0	0	58565.65941
Jul-57	0	0	0	0	65855.52982
Aug-57	0	0	0	0	57850.24065
Sep-57	0	0	0	0	38287.23816
Oct-57	0	0	0	0	29899.57001
Nov-57	0	0	0	0	24509.25974
Dec-57	0	0	0	0	26310.14143
Jan-58	0	0	0	0	24484.59013
Feb-58	0	0	0	0	23029.08301
Mar-58	0	0	0	0	25187.67407
Apr-58	0	0	0	0	26482.82872
May-58	0	0	0	0	49894.29071
Jun-58	0	0	0	0	55580.63633
Jul-58	0	0	0	0	73527.77922
Aug-58	0	0	0	0	38225.56413
Sep-58	0	0	0	0	49647.59459
Oct-58	0	0	0	0	30392.96225
Nov-58	0	0	0	0	27136.57344
Dec-58	0	0	0	0	28283.71041
Jan-59	0	0	0	0	31330.40752
Feb-59	0	0	0	0	29208.82087
Mar-59	0	0	0	0	33871.37758
Apr-59	0	0	0	0	31885.47379
May-59	0	0	0	0	38842.30444
Jun-59	0	0	0	0	55259.93137
Jul-59	0	0	0	0	75834.38796
Aug-59	0	0	0	0	72442.31628
Sep-59	0	0	0	0	45836.1395
Oct-59	0	0	0	0	32045.82627
Nov-59	0	0	0	0	30935.69372
Dec-59	0	0	0	0	33316.3113
Jan-60	0	0	0	0	30059.92249
Feb-60	0	0	0	0	28283.71041
Mar-60	0	0	0	0	31515.42961
Apr-60	0	0	0	0	35339.2195
May-60	0	0	0	0	51325.12822
Jun-60	0	0	0	0	64511.03595
Jul-60	0	0	0	0	81989.45621
Aug-60	0	0	0	0	77746.28291
Sep-60	0	0	0	0	61303.98636
Oct-60	0	0	0	0	32551.55332
Nov-60	0	0	0	0	27272.25631
Dec-60	0	0	0	0	30010.58326
Jan-61	0	0	0	0	31022.03736
Feb-61	0	0	0	0	28629.08498
Mar-61	0	0	0	0	26544.50275
Apr-61	0	0	0	0	25422.03539
May-61	0	0	0	0	39311.02707
Jun-61	0	0	0	0	58565.65941
Jul-61	0	0	0	0	65855.52982
Aug-61	0	0	0	0	57850.24065
Sep-61	0	0	0	0	38287.23816
Oct-61	0	0	0	0	29899.57001
Nov-61	0	0	0	0	24509.25974
Dec-61	0	0	0	0	26310.14143
Jan-62	0	0	0	0	24484.59013
Feb-62	0	0	0	0	23029.08301
Mar-62	0	0	0	0	25187.67407
Apr-62	0	0	0	0	26482.82872
May-62	0	0	0	0	49894.29071
Jun-62	0	0	0	0	55580.63633
Jul-62	0	0	0	0	73527.77922
Aug-62	0	0	0	0	38225.56413
Sep-62	0	0	0	0	49647.59459
Oct-62	0	0	0	0	30392.96225
Nov-62	0	0	0	0	27136.57344
Dec-62	0	0	0	0	28283.71041
Jan-63	0	0	0	0	31330.40752
Feb-63	0	0	0	0	29208.82087
Mar-63	0	0	0	0	33871.37758
Apr-63	0	0	0	0	31885.47379
May-63	0	0	0	0	38842.30444
Jun-63	0	0	0	0	55259.93137
Jul-63	0	0	0	0	75834.38796
Aug-63	0	0	0	0	72442.31628
Sep-63	0	0	0	0	45836.1395
Oct-63	0	0	0	0	32045.82627
Nov-63	0	0	0	0	30935.69372
Dec-63	0	0	0	0	33316.3113
Jan-64	0	0	0	0	30059.92249
Feb-64	0	0	0	0	28283.71041
Mar-64	0	0	0	0	31515.42961
Apr-64	0	0	0	0	35339.2195
May-64	0	0	0	0	51325.12822
Jun-64	0	0	0	0	64511.03595
Jul-64	0	0	0	0	81989.45621
Aug-64	0	0	0	0	77746.28291
Sep-64	0	0	0	0	61303.98636
Oct-64	0	0	0	0	32551.55332
Nov-64	0	0	0	0	27272.25631
Dec-64	0	0	0	0	30010.58326
Jan-65	0	0	0	0	31022.03736
Feb-65	0	0	0	0	28629.08498
Mar-65	0	0	0	0	26544.50275
Apr-65	0	0	0	0	25422.03539
May-65	0	0	0	0	39311.02707
Jun-65	0	0	0	0	58565.65941
Jul-65	0	0	0	0	65855.52982
Aug-65	0	0	0	0	57850.24065
Sep-65	0	0	0	0	38287.23816
Oct-65	0	0	0	0	29899.57001
Nov-65	0	0	0	0	24509.25974
Dec-65	0	0	0	0	26310.14143
Jan-66	0	0	0	0	24484.59013
Feb-66	0	0	0	0	23029.08301
Mar-66	0	0	0	0	25187.67407
Apr-66	0	0	0	0	26482.82872
May-66	0	0	0	0	49894.29071
Jun-66	0	0	0	0	55580.63633
Jul-66	0	0	0	0	73527.77922
Aug-66	0	0	0	0	38225.56413
Sep-66	0	0	0	0	49647.59459
Oct-66	0	0	0	0	30392.96225
Nov-66	0	0	0	0	27136.57344
Dec-66	0	0	0	0	28283.71041
Jan-67	0	0	0	0	31330.40752
Feb-67	0	0	0	0	29208.82087
Mar-67	0	0	0	0	33871.37758
Apr-67	0	0	0	0	31885.47379
May-67	0	0	0	0	38842.30444
Jun-67	0	0	0	0	55259.93137
Jul-67	0	0	0	0	75834.38796
Aug-67	0	0	0	0	72442.31628
Sep-67	0	0	0	0	45836.1395
Oct-67	0	0	0	0	32045.82627
Nov-67	0	0	0	0	30935.69372
Dec-67	0	0	0	0	33316.3113
Jan-68	0	0	0	0	30059.92249
Feb-68	0	0	0	0	28283.71041
Mar-68	0	0	0	0	31515.42961
Apr-68	0	0	0	0	35339.2195
May-68	0	0	0	0	51325.12822
Jun-68	0	0	0	0	64511.03595
Jul-68	0	0	0	0	81989.45621
Aug-68	0	0	0	0	77746.28291
Sep-68	0	0	0	0	61303.98636
Oct-68	0	0	0	0	32551.55332
Nov-68	0	0	0	0	27272.25631
Dec-68	0	0	0	0	30010.58326
Jan-69	0	0	0	0	31022.03736
Feb-69	0	0	0	0	28629.08498
Mar-69	0	0	0	0	26544.50275
Apr-69	0	0	0	0	25422.03539
May-69	0	0	0	0	39311.02707
Jun-69	0	0	0	0	58565.65941
Jul-69	0	0	0	0	65855.52982
Aug-69	0	0	0	0	57850.24065
Sep-69	0	0	0	0	38287.23816
Oct-69	0	0	0	0	29899.57001
Nov-69	0	0	0	0	24509.25974
Dec-69	0	0	0	0	26310.14143
Jan-70	0	0	0	0	24484.59013
Feb-70	0	0	0	0	23029.08301
Mar-70	0	0	0	0	25187.67407
Apr-70	0	0	0	0	26482.82872
May-70	0	0	0	0	49894.29071
Jun-70	0	0	0	0	55580.63633
Jul-70	0	0	0	0	73527.77922
Aug-70	0	0	0	0	38225.56413
Sep-70	0	0	0	0	49647.59459
